Homes:
  292134c6-148e-4213-b89f-d29fdc2e03c4:
    X: -136.67345527846047
    Y: 65.0
    Z: -1.3638278291568589
    Yaw: 84.70151
    Pitch: 52.25
    World: SV
  88cc189e-7ebb-41bd-974c-74b557b4bac2:
    X: -140.03310317193584
    Y: 65.5625
    Z: -1.4306596736934583
    Yaw: -87.45008
    Pitch: 5.850024
    World: SV
  fb899f20-fd3f-4750-be5a-b6c6b190d31b:
    X: -153.51785090158637
    Y: 63.9375
    Z: 3.7974248857064348
    Yaw: -71.14609
    Pitch: 23.449724
    World: SV
