Homes:
  292134c6-148e-4213-b89f-d29fdc2e03c4:
    X: -157.48033531548782
    Y: 62.9375
    Z: 4.506110726286134
    Yaw: -88.85681
    Pitch: 90.0
    World: SV
