Homes:
  292134c6-148e-4213-b89f-d29fdc2e03c4:
    X: -150.58780400736137
    Y: 64.0
    Z: 4.708308622038343
    Yaw: -89.24997
    Pitch: 89.549995
    World: SV
  88cc189e-7ebb-41bd-974c-74b557b4bac2:
    X: -150.4816536947219
    Y: 64.0
    Z: 4.633641594827063
    Yaw: -95.73102
    Pitch: 4.218788
    World: SV
