Homes:
  292134c6-148e-4213-b89f-d29fdc2e03c4:
    X: -158.99952430943677
    Y: 63.0
    Z: 3.9657225803595444
    Yaw: -91.45079
    Pitch: 86.24996
    World: SV
  88cc189e-7ebb-41bd-974c-74b557b4bac2:
    X: -159.33430445578483
    Y: 62.9375
    Z: 4.426191956691213
    Yaw: -87.605835
    Pitch: 0.44997358
    World: SV
